===LinealSearch===
 Average times:
 (100, 5.400170000000001e-06)
 (1000, 3.874295000000001e-06)
 (5000, 1.1908989999999998e-05)
 (10000, 2.2184885000000004e-05)
 (50000, 0.00010020734)
 (100000, 0.00021497010499999997)
 (200000, 0.00039399861)
 (400000, 0.00081955194)
 (600000, 0.00181578397)
 (800000, 0.0014500617999999997)
 (1000000, 0.001965355875)
 (2000000, 0.004773724085)
 (3000000, 0.005916869640000001)
 (4000000, 0.008346164219999999)
 (5000000, 0.00933980942)
 (6000000, 0.01170313358)
 (7000000, 0.01420212985)
 (8000000, 0.015153932575000001)
 (9000000, 0.015440154079999999)
 (10000000, 0.018738114834999996)

===ParalellLinealSearch===
 Average times:
 (100, 0.00022928715000000008)
 (1000, 0.000106847285)
 (5000, 0.0008980274050000003)
 (10000, 0.00035208463000000004)
 (50000, 0.0008391499450000001)
 (100000, 0.001796519755)
 (200000, 0.0006333112800000001)
 (400000, 0.0011380434100000001)
 (600000, 0.0017311692299999998)
 (800000, 0.0030428648)
 (1000000, 0.005923843385)
 (2000000, 0.0051276445399999985)
 (3000000, 0.01036624908)
 (4000000, 0.013133704665)
 (5000000, 0.011837184425000001)
 (6000000, 0.013794159905)
 (7000000, 0.014990472800000001)
 (8000000, 0.017036199555)
 (9000000, 0.01907159092)
 (10000000, 0.018732559674999996)

===BinarySearch===
 Average times:
 (100, 1.3232400000000001e-06)
 (1000, 1.5020350000000003e-06)
 (5000, 1.3232250000000006e-06)
 (10000, 1.466285e-06)
 (50000, 1.7881400000000006e-06)
 (100000, 2.062315e-06)
 (200000, 1.764295e-06)
 (400000, 1.4424350000000003e-06)
 (600000, 1.7046900000000005e-06)
 (800000, 1.6450850000000001e-06)
 (1000000, 1.6450899999999999e-06)
 (2000000, 1.7642999999999998e-06)
 (3000000, 1.8835000000000003e-06)
 (4000000, 1.8239e-06)
 (5000000, 2.002705e-06)
 (6000000, 2.31266e-06)
 (7000000, 3.94582e-06)
 (8000000, 2.0742249999999996e-06)
 (9000000, 2.229205e-06)
 (10000000, 2.4199299999999995e-06)

===ParalellBinarySearch===
 Average times:
 (100, 0.00012367962999999997)
 (1000, 9.262561500000001e-05)
 (5000, 0.000301599505)
 (10000, 0.0009054541549999998)
 (50000, 0.00029178858000000003)
 (100000, 0.00012454987)
 (200000, 0.00012365580999999998)
 (400000, 0.000122082235)
 (600000, 0.00012693404499999997)
 (800000, 0.00011880397)
 (1000000, 0.00011785031)
 (2000000, 9.514092999999998e-05)
 (3000000, 0.00010029078)
 (4000000, 0.00011854171999999997)
 (5000000, 0.00011415481000000003)
 (6000000, 0.00010844468999999999)
 (7000000, 0.000120401375)
 (8000000, 0.00011092423499999999)
 (9000000, 7.904768e-05)
 (10000000, 0.000103008745)

===SearchWithBST===
 Average times:
 (100, 1.1801850000000004e-06)
 (1000, 1.81199e-06)
 (5000, 1.3947550000000004e-06)
 (10000, 3.4570800000000006e-06)
 (50000, 1.88352e-06)
 (100000, 2.7895049999999996e-06)
 (200000, 1.84774e-06)
 (400000, 1.6927700000000001e-06)
 (600000, 2.1219000000000004e-06)
 (800000, 1.80006e-06)
 (1000000, 1.75237e-06)
 (2000000, 2.4199350000000002e-06)
 (3000000, 1.9788549999999996e-06)
 (4000000, 2.61067e-06)
 (5000000, 2.18151e-06)
 (6000000, 2.038475e-06)
 (7000000, 2.062309999999999e-06)
 (8000000, 2.1576699999999997e-06)
 (9000000, 3.6597200000000004e-06)
 (10000000, 2.8252500000000006e-06)

LinealSearch
1.8563935152374166e-09x^1+0.00021472764667931763x^0
50000000: 0.09303440340855015s
100000000: 0.185854079170421s
500000000: 0.9284114852653876s
1000000000: 1.856608242884096s
5000000000: 9.282182303833762s

ParalellLinealSearch
1.9919990889282726e-09x^1+0.0013453047361208774x^0
50000000: 0.10094525918253451s
100000000: 0.20054521362894814s
500000000: 0.9973448492002571s
1000000000: 1.9933443936643935s
5000000000: 9.961340749377484s

BinarySearch
1.1267596721446661e-13x^1+1.5840917195310544e-06x^0
50000000: 7.217890080254385e-06s
100000000: 1.2851688440977715e-05s
500000000: 5.792207532676436e-05s
1000000000: 0.00011426005893399766s
5000000000: 0.0005649639277918641s

ParalellBinarySearch
-1.6410533904672617e-11x^1+0.00021685524561239518x^0
50000000: -0.0006036714496212356s
100000000: -0.0014241981448548664s
500000000: -0.007988411706723913s
1000000000: -0.01619367865906022s
5000000000: -0.08183581427775069s

SearchWithBST
8.241081322680877e-14x^1+1.9477582604997465e-06x^0
50000000: 6.068298921840185e-06s
100000000: 1.0188839583180624e-05s
500000000: 4.3153164873904126e-05s
1000000000: 8.43585714873085e-05s
5000000000: 0.0004140018243945436s

